U1A   6    0.778625    0.514923    0.342307    11.00000    0.04127    0.02712 =
         0.02124    0.00218   -0.00647   -0.00760
NI1A  4    0.981586    0.641993    0.420176    11.00000    0.04383    0.03127 =
         0.02480   -0.00073   -0.01011   -0.00851
O1A   5    0.885823    0.560125    0.433175    11.00000    0.05112    0.04348 =
         0.02000    0.00101   -0.00759   -0.01371
O2A   5    0.927751    0.613728    0.342970    11.00000    0.05205    0.03481 =
         0.02291    0.00377   -0.00875   -0.01708
O3A   5    0.807911    0.568127    0.245365    11.00000    0.03999    0.03282 =
         0.02110    0.00397   -0.00699   -0.01280
O4A   5    0.727056    0.458849    0.424235    11.00000    0.05113    0.03718 =
         0.02672    0.00349   -0.00470   -0.00913
O5A   5    0.692791    0.602037    0.347210    11.00000    0.05377    0.03341 =
         0.03391   -0.00387   -0.00396   -0.00308
O6A   5    0.863632    0.427049    0.335289    11.00000    0.04410    0.03341 =
         0.02787    0.00220   -0.00492   -0.00163
N1A   3    1.026674    0.668398    0.498129    11.00000    0.03922    0.04700 =
         0.02696   -0.00838   -0.00995   -0.00333
N2A   3    1.073714    0.723821    0.402344    11.00000    0.04639    0.03047 =
         0.03682    0.00022   -0.00972   -0.00946
C1A   1    0.992543    0.632471    0.542223    11.00000    0.04739    0.04194 =
         0.02998   -0.00783   -0.01309    0.00689
AFIX  43
H1A   2    1.026105    0.649000    0.580525    11.00000   -1.50000
AFIX   0
C2A   1    0.909061    0.570266    0.538575    11.00000    0.05261    0.03742 =
         0.02360    0.00004   -0.00394    0.00168
C3A   1    0.872415    0.541021    0.589566    11.00000    0.06638    0.04563 =
         0.02234    0.00202   -0.00031    0.00046
AFIX  43
H3A   2    0.907197    0.559131    0.627261    11.00000   -1.20000
AFIX   0
C4A   1    0.787362    0.486926    0.584938    11.00000    0.07339    0.04960 =
         0.02886    0.00393    0.00690   -0.00184
AFIX  43
H4A   2    0.763738    0.468066    0.619838    11.00000   -1.20000
AFIX   0
C5A   1    0.733308    0.458008    0.530446    11.00000    0.05689    0.04133 =
         0.03136    0.00500    0.01048   -0.00478
AFIX  43
H5A   2    0.672949    0.421391    0.528749    11.00000   -1.20000
AFIX   0
C6A   1    0.768441    0.483176    0.478735    11.00000    0.05125    0.03148 =
         0.02558    0.00440   -0.00226    0.00192
C7A   1    0.856278    0.539426    0.484329    11.00000    0.04570    0.03372 =
         0.02760    0.00238   -0.00461    0.00437
C8A   1    0.937192    0.660766    0.295941    11.00000    0.03638    0.02793 =
         0.02605    0.00033   -0.00186   -0.00419
C9A   1    0.872219    0.636184    0.242999    11.00000    0.03202    0.02693 =
         0.02404   -0.00190    0.00033   -0.00324
C10A  1    0.877862    0.681374    0.192209    11.00000    0.03834    0.03505 =
         0.02611   -0.00109    0.00280   -0.00392
AFIX  43
H10A  2    0.833762    0.665805    0.156239    11.00000   -1.20000
AFIX   0
C11A  1    0.947768    0.749349    0.193712    11.00000    0.05682    0.03931 =
         0.03187    0.00332    0.01071   -0.01207
AFIX  43
H11A  2    0.949915    0.780441    0.158727    11.00000   -1.20000
AFIX   0
C12A  1    1.014010    0.772547    0.244915    11.00000    0.04652    0.03333 =
         0.03972    0.00020    0.00896   -0.00917
AFIX  43
H12A  2    1.062737    0.818310    0.244932    11.00000   -1.20000
AFIX   0
C13A  1    1.009174    0.727658    0.297841    11.00000    0.03935    0.03049 =
         0.03351   -0.00084    0.00031   -0.00596
C14A  1    1.076691    0.754891    0.351945    11.00000    0.04338    0.02891 =
         0.04551    0.00015   -0.00782   -0.01005
AFIX  43
H14A  2    1.126648    0.799135    0.349402    11.00000   -1.50000
AFIX   0
C15A  1    1.153981    0.751763    0.453230    11.00000    0.07345    0.04068 =
         0.04588    0.00608   -0.02405   -0.02787
AFIX  23
H15A  2    1.176720    0.810324    0.447413    11.00000   -1.20000
H15B  2    1.218828    0.715223    0.457968    11.00000   -1.20000
AFIX   0
C16A  1    1.099768    0.745963    0.506232    11.00000    0.05236    0.06457 =
         0.04091   -0.01344   -0.00458   -0.01638
C17A  1    1.026277    0.825314    0.504768    11.00000    0.06486    0.03997 =
         0.06343   -0.01441   -0.01083   -0.00544
AFIX 137
H17A  2    0.974345    0.826041    0.467966    11.00000   -1.50000
H17B  2    1.071283    0.875982    0.507212    11.00000   -1.50000
H17C  2    0.987023    0.823783    0.538205    11.00000   -1.50000
AFIX   0
C18A  1    1.182252    0.743448    0.561916    11.00000    0.07312    0.05224 =
         0.05344   -0.00177   -0.01525   -0.01654
AFIX 137
H18A  2    1.219017    0.688875    0.565039    11.00000   -1.50000
H18B  2    1.145733    0.751557    0.595992    11.00000   -1.50000
H18C  2    1.235563    0.788278    0.560871    11.00000   -1.50000
AFIX   0
U1B   6    0.692152    0.496288    0.170726    11.00000    0.02997    0.02641 =
         0.02143   -0.00339   -0.00316   -0.00075
NI1B  4    0.493756    0.364495    0.094313    11.00000    0.03673    0.03185 =
         0.03608   -0.01103   -0.00911   -0.00222
O1B   5    0.602392    0.434936    0.080912    11.00000    0.04467    0.05076 =
         0.02700   -0.01489    0.00123   -0.00987
O2B   5    0.540022    0.402425    0.169939    11.00000    0.03837    0.03291 =
         0.03204   -0.00699   -0.00425   -0.00656
O3B   5    0.644852    0.460490    0.267677    11.00000    0.03430    0.03186 =
         0.02475   -0.00014   -0.00277   -0.00742
O4B   5    0.763664    0.534792    0.089310    11.00000    0.04765    0.04209 =
         0.02215   -0.00486    0.00397   -0.00473
O5B   5    0.782231    0.409151    0.181509    11.00000    0.03384    0.03144 =
         0.04142    0.00043    0.00440    0.00615
O6B   5    0.604539    0.585320    0.162675    11.00000    0.03805    0.03093 =
         0.02807   -0.00184   -0.00284    0.00776
N1B   3    0.454913    0.329325    0.017954    11.00000    0.04220    0.04310 =
         0.03289   -0.01642   -0.00606    0.00533
N2B   3    0.385299    0.297042    0.113850    11.00000    0.04002    0.02887 =
         0.05193   -0.00317   -0.01327   -0.00906
C1B   1    0.497723    0.355719   -0.025173    11.00000    0.04578    0.04255 =
         0.04474   -0.02110   -0.01623    0.01258
AFIX  43
H1B   2    0.468623    0.333986   -0.062867    11.00000   -1.50000
AFIX   0
C2B   1    0.586482    0.415628   -0.022955    11.00000    0.04778    0.04620 =
         0.03036   -0.00901   -0.00355    0.01426
C3B   1    0.628685    0.437778   -0.073809    11.00000    0.05688    0.04896 =
         0.03182   -0.01160   -0.00228    0.01031
AFIX  43
H3B   2    0.596094    0.416636   -0.111099    11.00000   -1.20000
AFIX   0
C4B   1    0.716437    0.489634   -0.069548    11.00000    0.06845    0.05917 =
         0.02046    0.00499    0.01034    0.02357
AFIX  43
H4B   2    0.744244    0.503611   -0.104272    11.00000   -1.20000
AFIX   0
C5B   1    0.767739    0.523511   -0.014759    11.00000    0.05019    0.04453 =
         0.02894    0.00071    0.00497    0.01034
AFIX  43
H5B   2    0.829726    0.558417   -0.013072    11.00000   -1.20000
AFIX   0
C6B   1    0.726881    0.505318    0.035659    11.00000    0.04603    0.03823 =
         0.02393   -0.00053    0.00119    0.00942
C7B   1    0.636448    0.450153    0.030838    11.00000    0.04430    0.04059 =
         0.03028   -0.01004   -0.00088    0.00693
C8B   1    0.506886    0.374397    0.218396    11.00000    0.03733    0.02674 =
         0.03608    0.00282   -0.00339   -0.00215
C9B   1    0.564028    0.406173    0.271520    11.00000    0.03298    0.03526 =
         0.03664    0.00384    0.00009   -0.00820
C10B  1    0.531460    0.382161    0.323708    11.00000    0.07145    0.08319 =
         0.04297    0.00943    0.00215   -0.04031
AFIX  43
H10B  2    0.566714    0.405009    0.359936    11.00000   -1.20000
AFIX   0
C11B  1    0.447717    0.324978    0.323433    11.00000    0.08775    0.12503 =
         0.04816    0.01452    0.00539   -0.06710
AFIX  43
H11B  2    0.427342    0.308284    0.359660    11.00000   -1.20000
AFIX   0
C12B  1    0.394528    0.292556    0.272404    11.00000    0.07186    0.08035 =
         0.06894    0.01580   -0.00189   -0.04935
AFIX  43
H12B  2    0.337744    0.253221    0.273284    11.00000   -1.20000
AFIX   0
C13B  1    0.422341    0.316380    0.218547    11.00000    0.04407    0.03699 =
         0.05596    0.00279   -0.01010   -0.01052
C14B  1    0.363083    0.283213    0.164308    11.00000    0.04644    0.03500 =
         0.05439    0.01004   -0.01269   -0.01289
AFIX  43
H14B  2    0.302591    0.248215    0.166921    11.00000   -1.50000
AFIX   0
C15B  1    0.308882    0.266964    0.062147    11.00000    0.05013    0.04501 =
         0.04318    0.00008   -0.00657   -0.01277
AFIX  23
H15C  2    0.249631    0.308069    0.051225    11.00000   -1.20000
H15D  2    0.276908    0.212450    0.070897    11.00000   -1.20000
AFIX   0
C16B  1    0.373655    0.257254    0.012781    11.00000    0.03288    0.04872 =
         0.06569   -0.02739   -0.00880    0.00014
C17B  1    0.437369    0.174025    0.021416    11.00000    0.04441    0.03889 =
         0.08945   -0.02271   -0.00271    0.00315
AFIX 137
H17D  2    0.386619    0.126690    0.016361    11.00000   -1.50000
H17E  2    0.479958    0.172413    0.061097    11.00000   -1.50000
H17F  2    0.486021    0.170080   -0.007721    11.00000   -1.50000
AFIX   0
C18B  1    0.295399    0.259745   -0.045826    11.00000    0.05404    0.06308 =
         0.04376   -0.01491    0.00110   -0.00719
AFIX 137
H18D  2    0.265172    0.316416   -0.052334    11.00000   -1.50000
H18E  2    0.236595    0.219452   -0.044673    11.00000   -1.50000
H18F  2    0.334398    0.244958   -0.077944    11.00000   -1.50000
AFIX   0
 
O1S   5    0.343807    0.695186    0.365555    11.00000    0.07861    0.10103 =
         0.05503   -0.00591    0.00434   -0.00006
N1S   3    0.348899    0.662640    0.270334    11.00000    0.05723    0.06100 =
         0.06325   -0.01036    0.01345    0.00721
C1S   1    0.323584    0.709106    0.313006    11.00000    0.05305    0.05737 =
         0.06262   -0.01715    0.01260   -0.00272
AFIX  43
H1S   2    0.285005    0.759444    0.301578    11.00000   -1.20000
AFIX   0
C2S   1    0.409910    0.587071    0.281311    11.00000    0.06999    0.07156 =
         0.16498   -0.02142    0.02274    0.01982
AFIX 137
H2SA  2    0.422970    0.575403    0.323651    11.00000   -1.50000
H2SB  2    0.479346    0.593433    0.267408    11.00000   -1.50000
H2SC  2    0.369376    0.540400    0.260423    11.00000   -1.50000
AFIX   0
C3S   1    0.316843    0.689003    0.210128    11.00000    0.13341    0.10936 =
         0.06536   -0.02098    0.01211    0.00622
AFIX 137
H3SA  2    0.274304    0.740838    0.209054    11.00000   -1.50000
H3SB  2    0.272919    0.644906    0.188111    11.00000   -1.50000
H3SC  2    0.381513    0.699188    0.192290    11.00000   -1.50000
AFIX   0
 
O2S   5    1.141798    0.357700    0.131744    11.00000    0.06704    0.07630 =
         0.04924   -0.00748    0.01005    0.00700
N2S   3    1.096742    0.464747    0.188922    11.00000    0.05344    0.06460 =
         0.04125    0.00549    0.01408    0.00967
C4S   1    1.143919    0.392657    0.179770    11.00000    0.04880    0.06201 =
         0.04359    0.00972    0.01000    0.00385
AFIX  43
H4S   2    1.183087    0.365222    0.213277    11.00000   -1.20000
AFIX   0
C5S   1    1.031037    0.508983    0.140808    11.00000    0.05574    0.09777 =
         0.06325    0.01163    0.01565    0.03081
AFIX 137
H5SA  2    1.041041    0.483467    0.103366    11.00000   -1.50000
H5SB  2    1.053024    0.568119    0.141377    11.00000   -1.50000
H5SC  2    0.954624    0.505271    0.145151    11.00000   -1.50000
AFIX   0
C6S   1    1.097217    0.496232    0.247009    11.00000    0.07392    0.07193 =
         0.05386   -0.00431    0.01942    0.01067
AFIX 137
H6SA  2    1.144624    0.461255    0.275329    11.00000   -1.50000
H6SB  2    1.023476    0.494811    0.256093    11.00000   -1.50000
H6SC  2    1.123876    0.554234    0.249463    11.00000   -1.50000
AFIX   0